For series:  [10, 20, 10, 20, 10, 20, 10, 20, 10, 20, 10, 20]
Phi1:  -2.0029869846662103 , Phi2:  -1.9686367375520069
Entropy:  0.034350247114203425
For series:  [10, 10, 20, 10, 20, 20, 20, 10, 10, 20, 10, 20]
Phi1:  -2.0029869846662103 , Phi2:  -2.6258020730516325
Entropy:  0.6228150883854222